OpenFDTD 2 6
title = meta-surface
xmesh = -0.075 1500 0.075
ymesh = -0.05 1000 0.05
zmesh = -0.03 130 0.1
geometry = 1 1 0.02 -0.02 0.0058 -0.0058 0 0
geometry = 0 1 0.004 0.0045 0.0058 0.0047 0 0
geometry = 0 1 -0.0045 0.004 0.0052 0.0047 0 0
geometry = 0 1 -0.004 -0.0045 0.0047 0.0036 0 0
geometry = 0 1 0.0045 -0.004 0.0041 0.0036 0 0
geometry = 0 1 0.0045 0.004 0.0036 0.0025 0 0
geometry = 0 1 0.004 -0.0045 0.003 0.0025 0 0
geometry = 0 1 -0.004 -0.0045 0.0025 0.0014 0 0
geometry = 0 1 0.0045 -0.004 0.0019 0.0014 0 0
geometry = 0 1 0.0045 0.004 0.0014 0.0003 0 0
geometry = 0 1 0.004 -0.0045 0.0008 0.0003 0 0
geometry = 0 1 -0.004 -0.0045 0.0003 -0.0008 0 0
geometry = 0 1 0.0045 -0.004 -0.0003 -0.0008 0 0
geometry = 0 1 0.0045 0.004 -0.0008 -0.0019 0 0
geometry = 0 1 0.004 -0.0045 -0.0014 -0.0019 0 0
geometry = 0 1 -0.004 -0.0045 -0.0019 -0.003 0 0
geometry = 0 1 0.0045 -0.004 -0.0025 -0.003 0 0
geometry = 0 1 0.0045 0.004 -0.003 -0.0041 0 0
geometry = 0 1 0.004 -0.0045 -0.0036 -0.0041 0 0
geometry = 0 1 -0.004 -0.0045 -0.0041 -0.0052 0 0
geometry = 0 1 0.0045 -0.004 -0.0047 -0.0052 0 0
geometry = 0 1 0.004 0.0045 -0.0052 -0.0058 0 0
planewave = 0 0 1
frequency1 = 24e8 24e8 0
frequency2 = 24e8 24e8 0
solver = 1000000 50 1e-3
plotiter = 1
plotfar1d = Y 180
plotfar1d = X 180
plotfar1d = Z 180
far1dstyle = 0
far1dcomponent = 1 0 0
far1ddb = 1
window2d = 750 500 15 0
window3d = 600 600 15 60 30
end
